g2 dynamics at tau=0, state:Fock-1
t [ps]        g2a [unitless] g2b [unitless] na [unitless] nb [unitless]
0.000000      0.000000       0.000000       1.000000      1.000000     
0.004449      0.000013       0.000062       0.999999      0.401490     
0.008899      0.000034       0.000410       0.999993      0.161207     
0.013348      0.000053       0.001562       0.999983      0.064740     
0.017798      0.000067       0.004908       0.999970      0.026013     
0.022247      0.000076       0.014535       0.999953      0.010466     
0.026696      0.000081       0.038291       0.999935      0.004226     
0.031146      0.000085       0.083151       0.999916      0.001721     
0.035595      0.000087       0.169693       0.999897      0.000716     
0.040044      0.000088       0.368303       0.999877      0.000313     
0.044494      0.000089       0.807142       0.999857      0.000151     
0.048943      0.000089       1.275251       0.999836      0.000086     
0.053393      0.000089       1.432192       0.999816      0.000060     
0.057842      0.000089       1.388202       0.999796      0.000050     
0.062291      0.000089       1.313494       0.999776      0.000045     
0.066741      0.000089       1.264370       0.999755      0.000044     
0.071190      0.000089       1.242089       0.999735      0.000043     
0.075640      0.000089       1.241682       0.999715      0.000043     
0.080089      0.000089       1.234244       0.999694      0.000043     
0.084538      0.000089       1.222788       0.999674      0.000043     
0.088988      0.000089       1.226554       0.999654      0.000043     
0.093437      0.000089       1.227953       0.999633      0.000043     
0.097887      0.000089       1.232454       0.999613      0.000043     
0.102336      0.000089       1.226655       0.999593      0.000043     
0.106785      0.000089       1.219914       0.999573      0.000043     
0.111235      0.000089       1.232767       0.999552      0.000043     
0.115684      0.000089       1.224771       0.999532      0.000043     
0.120133      0.000089       1.226952       0.999512      0.000043     
0.124583      0.000089       1.226948       0.999491      0.000043     
0.129032      0.000089       1.226948       0.999471      0.000043     
0.133482      0.000089       1.226958       0.999451      0.000043     
0.137931      0.000089       1.226915       0.999431      0.000043     
0.142380      0.000089       1.226899       0.999410      0.000043     
0.146830      0.000089       1.223476       0.999390      0.000043     
0.151279      0.000089       1.226888       0.999370      0.000043     
0.155729      0.000089       1.224341       0.999350      0.000043     
0.160178      0.000089       1.226975       0.999329      0.000043     
0.164627      0.000089       1.226940       0.999309      0.000043     
0.169077      0.000089       1.226935       0.999289      0.000043     
0.173526      0.000090       1.226932       0.999268      0.000043     
0.177976      0.000090       1.226940       0.999248      0.000043     
0.182425      0.000090       1.226948       0.999228      0.000043     
0.186874      0.000090       1.226942       0.999208      0.000043     
0.191324      0.000090       1.226942       0.999187      0.000043     
0.195773      0.000090       1.226947       0.999167      0.000043     
0.200222      0.000090       1.226948       0.999147      0.000043     
0.204672      0.000090       1.226950       0.999127      0.000043     
0.209121      0.000090       1.226951       0.999106      0.000043     
0.213571      0.000090       1.226947       0.999086      0.000043     
0.218020      0.000090       1.219764       0.999066      0.000043     
0.222469      0.000090       1.226935       0.999045      0.000043     
0.226919      0.000090       1.226945       0.999025      0.000043     
0.231368      0.000090       1.226942       0.999005      0.000043     
0.235818      0.000090       1.226935       0.998985      0.000043     
0.240267      0.000090       1.226947       0.998964      0.000043     
0.244716      0.000090       1.226941       0.998944      0.000043     
0.249166      0.000090       1.226937       0.998924      0.000043     
0.253615      0.000090       1.226944       0.998904      0.000043     
0.258065      0.000090       1.226941       0.998883      0.000043     
0.262514      0.000090       1.226936       0.998863      0.000043     
0.266963      0.000090       1.226955       0.998843      0.000043     
0.271413      0.000090       1.226949       0.998823      0.000043     
0.275862      0.000090       1.226948       0.998802      0.000043     
0.280311      0.000090       1.226941       0.998782      0.000043     
0.284761      0.000091       1.226946       0.998762      0.000043     
0.289210      0.000091       1.226950       0.998742      0.000043     
0.293660      0.000091       1.226935       0.998721      0.000043     
0.298109      0.000091       1.226949       0.998701      0.000043     
0.302558      0.000091       1.231059       0.998681      0.000043     
0.307008      0.000091       1.226946       0.998660      0.000043     
0.311457      0.000091       1.226936       0.998640      0.000043     
0.315907      0.000091       1.226946       0.998620      0.000043     
0.320356      0.000091       1.217968       0.998600      0.000043     
0.324805      0.000091       1.226948       0.998579      0.000043     
0.329255      0.000091       1.226935       0.998559      0.000043     
0.333704      0.000091       1.226951       0.998539      0.000043     
0.338153      0.000091       1.226927       0.998519      0.000043     
0.342603      0.000091       1.226949       0.998498      0.000043     
0.347052      0.000091       1.221432       0.998478      0.000043     
0.351502      0.000091       1.226955       0.998458      0.000043     
0.355951      0.000091       1.226939       0.998438      0.000043     
0.360400      0.000092       1.226946       0.998417      0.000043     
0.364850      0.000092       1.226946       0.998397      0.000043     
0.369299      0.000092       1.226958       0.998377      0.000043     
0.373749      0.000092       1.226949       0.998357      0.000043     
0.378198      0.000092       1.226944       0.998336      0.000043     
0.382647      0.000092       1.226938       0.998316      0.000043     
0.387097      0.000092       1.226946       0.998296      0.000043     
0.391546      0.000092       1.226947       0.998276      0.000043     
0.395996      0.000092       1.226930       0.998256      0.000043     
0.400445      0.000092       1.226952       0.998235      0.000043     
0.404894      0.000092       1.233835       0.998215      0.000043     
0.409344      0.000092       1.226932       0.998195      0.000043     
0.413793      0.000092       1.226949       0.998175      0.000043     
0.418242      0.000092       1.226945       0.998154      0.000043     
0.422692      0.000093       1.233809       0.998134      0.000043     
0.427141      0.000093       1.226941       0.998114      0.000043     
0.431591      0.000093       1.226939       0.998094      0.000043     
0.436040      0.000093       1.226936       0.998073      0.000043     
0.440489      0.000093       1.226950       0.998053      0.000043     
0.444939      0.000093       1.226947       0.998033      0.000043     
0.449388      0.000093       1.226944       0.998013      0.000043     
0.453838      0.000093       1.226958       0.997992      0.000043     
0.458287      0.000093       1.226954       0.997972      0.000043     
0.462736      0.000093       1.226942       0.997952      0.000043     
0.467186      0.000093       1.226942       0.997932      0.000043     
0.471635      0.000093       1.226940       0.997911      0.000043     
0.476085      0.000093       1.226941       0.997891      0.000043     
0.480534      0.000094       1.226937       0.997871      0.000043     
0.484983      0.000094       1.226942       0.997851      0.000043     
0.489433      0.000094       1.226948       0.997831      0.000043     
0.493882      0.000094       1.226941       0.997810      0.000043     
0.498331      0.000094       1.226941       0.997790      0.000043     
0.502781      0.000094       1.226948       0.997770      0.000043     
0.507230      0.000094       1.226947       0.997750      0.000043     
0.511680      0.000094       1.226949       0.997729      0.000043     
0.516129      0.000094       1.226948       0.997709      0.000043     
0.520578      0.000094       1.226946       0.997689      0.000043     
0.525028      0.000094       1.226931       0.997669      0.000043     
0.529477      0.000095       1.226948       0.997649      0.000043     
0.533927      0.000095       1.226944       0.997628      0.000043     
0.538376      0.000095       1.226938       0.997608      0.000043     
0.542825      0.000095       1.225183       0.997588      0.000043     
0.547275      0.000095       1.226944       0.997568      0.000043     
0.551724      0.000095       1.226920       0.997547      0.000043     
0.556174      0.000095       1.226980       0.997527      0.000043     
0.560623      0.000095       1.226941       0.997507      0.000043     
0.565072      0.000095       1.226970       0.997487      0.000043     
0.569522      0.000095       1.226950       0.997467      0.000043     
0.573971      0.000096       1.226940       0.997446      0.000043     
0.578420      0.000096       1.226937       0.997426      0.000043     
0.582870      0.000096       1.226939       0.997406      0.000043     
0.587319      0.000096       1.226942       0.997386      0.000043     
0.591769      0.000096       1.226945       0.997365      0.000043     
0.596218      0.000096       1.226948       0.997345      0.000043     
0.600667      0.000096       1.226952       0.997325      0.000043     
0.605117      0.000096       1.226933       0.997305      0.000043     
0.609566      0.000096       1.226951       0.997285      0.000043     
0.614016      0.000097       1.226948       0.997264      0.000043     
0.618465      0.000097       1.226949       0.997244      0.000043     
0.622914      0.000097       1.226948       0.997224      0.000043     
0.627364      0.000097       1.226937       0.997204      0.000043     
0.631813      0.000097       1.226938       0.997184      0.000043     
0.636263      0.000097       1.226942       0.997163      0.000043     
0.640712      0.000097       1.226935       0.997143      0.000043     
0.645161      0.000097       1.226949       0.997123      0.000043     
0.649611      0.000097       1.226956       0.997103      0.000043     
0.654060      0.000098       1.226944       0.997082      0.000043     
0.658509      0.000098       1.226961       0.997062      0.000043     
0.662959      0.000098       1.226944       0.997042      0.000043     
0.667408      0.000098       1.226952       0.997022      0.000043     
0.671858      0.000098       1.226947       0.997002      0.000043     
0.676307      0.000098       1.226928       0.996981      0.000043     
0.680756      0.000098       1.226950       0.996961      0.000043     
0.685206      0.000098       1.226938       0.996941      0.000043     
0.689655      0.000099       1.226939       0.996921      0.000043     
0.694105      0.000099       1.226951       0.996901      0.000043     
0.698554      0.000099       1.226937       0.996880      0.000043     
0.703003      0.000099       1.226946       0.996860      0.000042     
0.707453      0.000099       1.226946       0.996840      0.000042     
0.711902      0.000099       1.226947       0.996820      0.000042     
0.716351      0.000099       1.226955       0.996800      0.000042     
0.720801      0.000099       1.226939       0.996779      0.000042     
0.725250      0.000100       1.224340       0.996759      0.000042     
0.729700      0.000100       1.226950       0.996739      0.000042     
0.734149      0.000100       1.226942       0.996719      0.000042     
0.738598      0.000100       1.226949       0.996699      0.000042     
0.743048      0.000100       1.226952       0.996678      0.000042     
0.747497      0.000100       1.226946       0.996658      0.000042     
0.751947      0.000100       1.226951       0.996638      0.000042     
0.756396      0.000101       1.226941       0.996618      0.000042     
0.760845      0.000101       1.226932       0.996598      0.000042     
0.765295      0.000101       1.226948       0.996577      0.000042     
0.769744      0.000101       1.231830       0.996557      0.000042     
0.774194      0.000101       1.219249       0.996537      0.000042     
0.778643      0.000101       1.226938       0.996517      0.000042     
0.783092      0.000101       1.221500       0.996497      0.000042     
0.787542      0.000102       1.226932       0.996477      0.000042     
0.791991      0.000102       1.226949       0.996456      0.000042     
0.796440      0.000102       1.226940       0.996436      0.000042     
0.800890      0.000102       1.226951       0.996416      0.000042     
0.805339      0.000102       1.226939       0.996396      0.000042     
0.809789      0.000102       1.226944       0.996376      0.000042     
0.814238      0.000102       1.226940       0.996355      0.000042     
0.818687      0.000103       1.226929       0.996335      0.000042     
0.823137      0.000103       1.226945       0.996315      0.000042     
0.827586      0.000103       1.226944       0.996295      0.000042     
0.832036      0.000103       1.226932       0.996275      0.000042     
0.836485      0.000103       1.226948       0.996254      0.000042     
0.840934      0.000103       1.226938       0.996234      0.000042     
0.845384      0.000104       1.226952       0.996214      0.000042     
0.849833      0.000104       1.226940       0.996194      0.000042     
0.854283      0.000104       1.224657       0.996174      0.000042     
0.858732      0.000104       1.226939       0.996154      0.000042     
0.863181      0.000104       1.226935       0.996133      0.000042     
0.867631      0.000104       1.226944       0.996113      0.000042     
0.872080      0.000104       1.226937       0.996093      0.000042     
0.876529      0.000105       1.226939       0.996073      0.000042     
0.880979      0.000105       1.226947       0.996053      0.000042     
0.885428      0.000105       1.225471       0.996033      0.000042     
0.889878      0.000105       1.226944       0.996012      0.000042     
0.894327      0.000105       1.223535       0.995992      0.000042     
0.898776      0.000105       1.226939       0.995972      0.000042     
0.903226      0.000106       1.226948       0.995952      0.000042     
0.907675      0.000106       1.223509       0.995932      0.000042     
0.912125      0.000106       1.226944       0.995911      0.000042     
0.916574      0.000106       1.226952       0.995891      0.000042     
0.921023      0.000106       1.226934       0.995871      0.000042     
0.925473      0.000106       1.226941       0.995851      0.000042     
0.929922      0.000107       1.226941       0.995831      0.000042     
0.934372      0.000107       1.226942       0.995811      0.000042     
0.938821      0.000107       1.230758       0.995790      0.000042     
0.943270      0.000107       1.224512       0.995770      0.000042     
0.947720      0.000107       1.222841       0.995750      0.000042     
0.952169      0.000107       1.226952       0.995730      0.000042     
0.956618      0.000108       1.225198       0.995710      0.000042     
0.961068      0.000108       1.226941       0.995690      0.000042     
0.965517      0.000108       1.226938       0.995669      0.000042     
0.969967      0.000108       1.226939       0.995649      0.000042     
0.974416      0.000108       1.226947       0.995629      0.000042     
0.978865      0.000109       1.229109       0.995609      0.000042     
0.983315      0.000109       1.231670       0.995589      0.000042     
0.987764      0.000109       1.226941       0.995569      0.000042     
0.992214      0.000109       1.232085       0.995549      0.000042     
0.996663      0.000109       1.226941       0.995528      0.000042     
1.001112      0.000109       1.230871       0.995508      0.000042     
1.005562      0.000110       1.226939       0.995488      0.000042     
1.010011      0.000110       1.226940       0.995468      0.000042     
1.014460      0.000110       1.223167       0.995448      0.000042     
1.018910      0.000110       1.226938       0.995428      0.000042     
1.023359      0.000110       1.223131       0.995407      0.000042     
1.027809      0.000111       1.221377       0.995387      0.000042     
1.032258      0.000111       1.226940       0.995367      0.000042     
1.036707      0.000111       1.237072       0.995347      0.000042     
1.041157      0.000111       1.223845       0.995327      0.000042     
1.045606      0.000111       1.231082       0.995307      0.000042     
1.050056      0.000112       1.229051       0.995286      0.000042     
1.054505      0.000112       1.226938       0.995266      0.000042     
1.058954      0.000112       1.229074       0.995246      0.000042     
1.063404      0.000112       1.225318       0.995226      0.000042     
1.067853      0.000112       1.233626       0.995206      0.000042     
1.072303      0.000112       1.231886       0.995186      0.000042     
1.076752      0.000113       1.228464       0.995166      0.000042     
1.081201      0.000113       1.231275       0.995145      0.000042     
1.085651      0.000113       1.228512       0.995125      0.000042     
1.090100      0.000113       1.226940       0.995105      0.000042     
1.094549      0.000113       1.226945       0.995085      0.000042     
1.098999      0.000114       1.230689       0.995065      0.000042     
1.103448      0.000114       1.225330       0.995045      0.000042     
1.107898      0.000114       1.226940       0.995025      0.000042     
1.112347      0.000114       1.230508       0.995004      0.000042     
1.116796      0.000115       1.226946       0.994984      0.000042     
1.121246      0.000115       1.226944       0.994964      0.000042     
1.125695      0.000115       1.229261       0.994944      0.000042     
1.130145      0.000115       1.226947       0.994924      0.000042     
1.134594      0.000115       1.221989       0.994904      0.000042     
1.139043      0.000116       1.225382       0.994884      0.000042     
1.143493      0.000116       1.226944       0.994863      0.000042     
1.147942      0.000116       1.225327       0.994843      0.000042     
1.152392      0.000116       1.228914       0.994823      0.000042     
1.156841      0.000116       1.226947       0.994803      0.000042     
1.161290      0.000117       1.230341       0.994783      0.000042     
1.165740      0.000117       1.226940       0.994763      0.000042     
1.170189      0.000117       1.226941       0.994743      0.000042     
1.174638      0.000117       1.231609       0.994722      0.000042     
1.179088      0.000117       1.223284       0.994702      0.000042     
1.183537      0.000118       1.224205       0.994682      0.000042     
1.187987      0.000118       1.231212       0.994662      0.000042     
1.192436      0.000118       1.226939       0.994642      0.000042     
1.196885      0.000118       1.226940       0.994622      0.000042     
1.201335      0.000119       1.226939       0.994602      0.000042     
1.205784      0.000119       1.225284       0.994582      0.000042     
1.210234      0.000119       1.230448       0.994561      0.000042     
1.214683      0.000119       1.226940       0.994541      0.000042     
1.219132      0.000119       1.223896       0.994521      0.000042     
1.223582      0.000120       1.226941       0.994501      0.000042     
1.228031      0.000120       1.216877       0.994481      0.000042     
1.232481      0.000120       1.226940       0.994461      0.000042     
1.236930      0.000120       1.226941       0.994441      0.000042     
1.241379      0.000121       1.226941       0.994421      0.000042     
1.245829      0.000121       1.224207       0.994400      0.000042     
1.250278      0.000121       1.226944       0.994380      0.000042     
1.254727      0.000121       1.226945       0.994360      0.000042     
1.259177      0.000121       1.226944       0.994340      0.000042     
1.263626      0.000122       1.231528       0.994320      0.000042     
1.268076      0.000122       1.229160       0.994300      0.000042     
1.272525      0.000122       1.224714       0.994280      0.000042     
1.276974      0.000122       1.225088       0.994260      0.000042     
1.281424      0.000123       1.226944       0.994239      0.000042     
1.285873      0.000123       1.226944       0.994219      0.000042     
1.290323      0.000123       1.229984       0.994199      0.000042     
1.294772      0.000123       1.222370       0.994179      0.000042     
1.299221      0.000124       1.226944       0.994159      0.000042     
1.303671      0.000124       1.226941       0.994139      0.000042     
1.308120      0.000124       1.224050       0.994119      0.000042     
1.312569      0.000124       1.226939       0.994099      0.000042     
1.317019      0.000125       1.223395       0.994078      0.000042     
1.321468      0.000125       1.231142       0.994058      0.000042     
1.325918      0.000125       1.230902       0.994038      0.000042     
1.330367      0.000125       1.231677       0.994018      0.000042     
